{
 "cells": [
  {
   "cell_type": "code",
   "execution_count": 2,
   "metadata": {},
   "outputs": [],
   "source": [
    "import pandas as pd\n",
    "import numpy as np\n",
    "import seaborn as sns\n",
    "import matplotlib.pyplot as plt\n",
    "from sklearn.preprocessing import LabelEncoder, MinMaxScaler\n",
    "\n",
    "from sklearn.linear_model import LogisticRegression, SGDClassifier, Ridge, Lasso, ElasticNet, RidgeCV, LassoCV, ElasticNetCV\n",
    "from sklearn.preprocessing import StandardScaler\n",
    "from sklearn.svm import SVC, LinearSVC\n",
    "from sklearn.tree import DecisionTreeClassifier\n",
    "from sklearn.model_selection import cross_val_score, train_test_split, GridSearchCV, StratifiedKFold\n",
    "from sklearn.model_selection import StratifiedKFold\n",
    "from sklearn.neighbors import KNeighborsClassifier\n",
    "from sklearn.ensemble import RandomForestClassifier, ExtraTreesClassifier, BaggingClassifier\n",
    "from sklearn.metrics import confusion_matrix, precision_recall_curve, auc, roc_auc_score, roc_curve, recall_score, classification_report\n",
    "\n",
    "%matplotlib inline"
   ]
  },
  {
   "cell_type": "code",
   "execution_count": 3,
   "metadata": {},
   "outputs": [],
   "source": [
    "from sklearn.feature_selection import SelectKBest, chi2, f_classif"
   ]
  },
  {
   "cell_type": "code",
   "execution_count": 4,
   "metadata": {},
   "outputs": [],
   "source": [
    "from imblearn.over_sampling import SMOTE"
   ]
  },
  {
   "cell_type": "code",
   "execution_count": 5,
   "metadata": {},
   "outputs": [],
   "source": [
    "d = pd.read_csv('data_bank_models.csv')"
   ]
  },
  {
   "cell_type": "code",
   "execution_count": 6,
   "metadata": {},
   "outputs": [
    {
     "data": {
      "text/html": [
       "<div>\n",
       "<style scoped>\n",
       "    .dataframe tbody tr th:only-of-type {\n",
       "        vertical-align: middle;\n",
       "    }\n",
       "\n",
       "    .dataframe tbody tr th {\n",
       "        vertical-align: top;\n",
       "    }\n",
       "\n",
       "    .dataframe thead th {\n",
       "        text-align: right;\n",
       "    }\n",
       "</style>\n",
       "<table border=\"1\" class=\"dataframe\">\n",
       "  <thead>\n",
       "    <tr style=\"text-align: right;\">\n",
       "      <th></th>\n",
       "      <th>age</th>\n",
       "      <th>job</th>\n",
       "      <th>marital</th>\n",
       "      <th>education</th>\n",
       "      <th>default</th>\n",
       "      <th>housing</th>\n",
       "      <th>loan</th>\n",
       "      <th>contact</th>\n",
       "      <th>month</th>\n",
       "      <th>day_of_week</th>\n",
       "      <th>duration</th>\n",
       "      <th>campaign</th>\n",
       "      <th>pdays</th>\n",
       "      <th>previous</th>\n",
       "      <th>poutcome</th>\n",
       "      <th>cons_conf_idx</th>\n",
       "      <th>euribor_3_month</th>\n",
       "      <th>deposit</th>\n",
       "    </tr>\n",
       "  </thead>\n",
       "  <tbody>\n",
       "    <tr>\n",
       "      <th>0</th>\n",
       "      <td>56</td>\n",
       "      <td>3</td>\n",
       "      <td>2</td>\n",
       "      <td>2</td>\n",
       "      <td>0</td>\n",
       "      <td>0</td>\n",
       "      <td>0</td>\n",
       "      <td>1</td>\n",
       "      <td>5</td>\n",
       "      <td>1</td>\n",
       "      <td>4.350000</td>\n",
       "      <td>1</td>\n",
       "      <td>999</td>\n",
       "      <td>0</td>\n",
       "      <td>0</td>\n",
       "      <td>-36.4</td>\n",
       "      <td>4.857</td>\n",
       "      <td>0</td>\n",
       "    </tr>\n",
       "    <tr>\n",
       "      <th>1</th>\n",
       "      <td>57</td>\n",
       "      <td>7</td>\n",
       "      <td>2</td>\n",
       "      <td>3</td>\n",
       "      <td>1</td>\n",
       "      <td>0</td>\n",
       "      <td>0</td>\n",
       "      <td>1</td>\n",
       "      <td>5</td>\n",
       "      <td>1</td>\n",
       "      <td>2.483333</td>\n",
       "      <td>1</td>\n",
       "      <td>999</td>\n",
       "      <td>0</td>\n",
       "      <td>0</td>\n",
       "      <td>-36.4</td>\n",
       "      <td>4.857</td>\n",
       "      <td>0</td>\n",
       "    </tr>\n",
       "    <tr>\n",
       "      <th>2</th>\n",
       "      <td>37</td>\n",
       "      <td>7</td>\n",
       "      <td>2</td>\n",
       "      <td>3</td>\n",
       "      <td>0</td>\n",
       "      <td>2</td>\n",
       "      <td>0</td>\n",
       "      <td>1</td>\n",
       "      <td>5</td>\n",
       "      <td>1</td>\n",
       "      <td>3.766667</td>\n",
       "      <td>1</td>\n",
       "      <td>999</td>\n",
       "      <td>0</td>\n",
       "      <td>0</td>\n",
       "      <td>-36.4</td>\n",
       "      <td>4.857</td>\n",
       "      <td>0</td>\n",
       "    </tr>\n",
       "    <tr>\n",
       "      <th>3</th>\n",
       "      <td>40</td>\n",
       "      <td>0</td>\n",
       "      <td>2</td>\n",
       "      <td>2</td>\n",
       "      <td>0</td>\n",
       "      <td>0</td>\n",
       "      <td>0</td>\n",
       "      <td>1</td>\n",
       "      <td>5</td>\n",
       "      <td>1</td>\n",
       "      <td>2.516667</td>\n",
       "      <td>1</td>\n",
       "      <td>999</td>\n",
       "      <td>0</td>\n",
       "      <td>0</td>\n",
       "      <td>-36.4</td>\n",
       "      <td>4.857</td>\n",
       "      <td>0</td>\n",
       "    </tr>\n",
       "    <tr>\n",
       "      <th>4</th>\n",
       "      <td>56</td>\n",
       "      <td>7</td>\n",
       "      <td>2</td>\n",
       "      <td>3</td>\n",
       "      <td>0</td>\n",
       "      <td>0</td>\n",
       "      <td>2</td>\n",
       "      <td>1</td>\n",
       "      <td>5</td>\n",
       "      <td>1</td>\n",
       "      <td>5.116667</td>\n",
       "      <td>1</td>\n",
       "      <td>999</td>\n",
       "      <td>0</td>\n",
       "      <td>0</td>\n",
       "      <td>-36.4</td>\n",
       "      <td>4.857</td>\n",
       "      <td>0</td>\n",
       "    </tr>\n",
       "  </tbody>\n",
       "</table>\n",
       "</div>"
      ],
      "text/plain": [
       "   age  job  marital  education  default  housing  loan  contact  month  \\\n",
       "0   56    3        2          2        0        0     0        1      5   \n",
       "1   57    7        2          3        1        0     0        1      5   \n",
       "2   37    7        2          3        0        2     0        1      5   \n",
       "3   40    0        2          2        0        0     0        1      5   \n",
       "4   56    7        2          3        0        0     2        1      5   \n",
       "\n",
       "   day_of_week  duration  campaign  pdays  previous  poutcome  cons_conf_idx  \\\n",
       "0            1  4.350000         1    999         0         0          -36.4   \n",
       "1            1  2.483333         1    999         0         0          -36.4   \n",
       "2            1  3.766667         1    999         0         0          -36.4   \n",
       "3            1  2.516667         1    999         0         0          -36.4   \n",
       "4            1  5.116667         1    999         0         0          -36.4   \n",
       "\n",
       "   euribor_3_month  deposit  \n",
       "0            4.857        0  \n",
       "1            4.857        0  \n",
       "2            4.857        0  \n",
       "3            4.857        0  \n",
       "4            4.857        0  "
      ]
     },
     "execution_count": 6,
     "metadata": {},
     "output_type": "execute_result"
    }
   ],
   "source": [
    "d.head()"
   ]
  },
  {
   "cell_type": "code",
   "execution_count": 7,
   "metadata": {},
   "outputs": [],
   "source": [
    "#dropping 'duration column as it is not needed now'\n",
    "d.drop(columns = 'duration', inplace = True)"
   ]
  },
  {
   "cell_type": "code",
   "execution_count": 8,
   "metadata": {},
   "outputs": [
    {
     "data": {
      "text/plain": [
       "Index(['age', 'job', 'marital', 'education', 'default', 'housing', 'loan',\n",
       "       'contact', 'month', 'day_of_week', 'campaign', 'pdays', 'previous',\n",
       "       'poutcome', 'cons_conf_idx', 'euribor_3_month', 'deposit'],\n",
       "      dtype='object')"
      ]
     },
     "execution_count": 8,
     "metadata": {},
     "output_type": "execute_result"
    }
   ],
   "source": [
    "d.columns"
   ]
  },
  {
   "cell_type": "code",
   "execution_count": 9,
   "metadata": {},
   "outputs": [
    {
     "data": {
      "text/plain": [
       "(41184, 17)"
      ]
     },
     "execution_count": 9,
     "metadata": {},
     "output_type": "execute_result"
    }
   ],
   "source": [
    "d.shape"
   ]
  },
  {
   "cell_type": "code",
   "execution_count": 10,
   "metadata": {},
   "outputs": [
    {
     "name": "stdout",
     "output_type": "stream",
     "text": [
      "<class 'pandas.core.frame.DataFrame'>\n",
      "RangeIndex: 41184 entries, 0 to 41183\n",
      "Data columns (total 17 columns):\n",
      "age                41184 non-null int64\n",
      "job                41184 non-null int64\n",
      "marital            41184 non-null int64\n",
      "education          41184 non-null int64\n",
      "default            41184 non-null int64\n",
      "housing            41184 non-null int64\n",
      "loan               41184 non-null int64\n",
      "contact            41184 non-null int64\n",
      "month              41184 non-null int64\n",
      "day_of_week        41184 non-null int64\n",
      "campaign           41184 non-null int64\n",
      "pdays              41184 non-null int64\n",
      "previous           41184 non-null int64\n",
      "poutcome           41184 non-null int64\n",
      "cons_conf_idx      41184 non-null float64\n",
      "euribor_3_month    41184 non-null float64\n",
      "deposit            41184 non-null int64\n",
      "dtypes: float64(2), int64(15)\n",
      "memory usage: 5.3 MB\n"
     ]
    }
   ],
   "source": [
    "d.info()"
   ]
  },
  {
   "cell_type": "code",
   "execution_count": 11,
   "metadata": {},
   "outputs": [],
   "source": [
    "#Changing pdays column to categorical o & 1\n",
    "def prev_days(x):\n",
    "    if x == 999:\n",
    "        x = 0\n",
    "    else:\n",
    "        x = 1\n",
    "    return x"
   ]
  },
  {
   "cell_type": "code",
   "execution_count": 12,
   "metadata": {},
   "outputs": [],
   "source": [
    "#Changing previous column to categorical o & 1\n",
    "def prev(x):\n",
    "    if x == 0:\n",
    "        x = 0\n",
    "    else:\n",
    "        x =1\n",
    "    return x\n",
    "    "
   ]
  },
  {
   "cell_type": "code",
   "execution_count": 13,
   "metadata": {},
   "outputs": [],
   "source": [
    "# bucketing the age group:\n",
    "def age_m(x):\n",
    "    if x <= 32:\n",
    "        x = 1\n",
    "    elif (x > 32) &  ( x <= 47):\n",
    "        x = 2\n",
    "    elif (x > 47) & (x <= 70):\n",
    "        x = 3\n",
    "    elif (x > 70):\n",
    "        x = 4\n",
    "    \n",
    "    return x"
   ]
  },
  {
   "cell_type": "code",
   "execution_count": 14,
   "metadata": {},
   "outputs": [],
   "source": [
    "d['age_bucket'] = d.age.map(age_m)"
   ]
  },
  {
   "cell_type": "code",
   "execution_count": 15,
   "metadata": {},
   "outputs": [
    {
     "data": {
      "text/plain": [
       "array([3, 2, 1, 4], dtype=int64)"
      ]
     },
     "execution_count": 15,
     "metadata": {},
     "output_type": "execute_result"
    }
   ],
   "source": [
    "d.age_bucket.unique()"
   ]
  },
  {
   "cell_type": "code",
   "execution_count": 16,
   "metadata": {},
   "outputs": [
    {
     "data": {
      "text/plain": [
       "array([0, 1, 2], dtype=int64)"
      ]
     },
     "execution_count": 16,
     "metadata": {},
     "output_type": "execute_result"
    }
   ],
   "source": [
    "d.poutcome.unique()"
   ]
  },
  {
   "cell_type": "code",
   "execution_count": 17,
   "metadata": {},
   "outputs": [],
   "source": [
    "#Changing the poutcome code to 1,2,3 from 0,1,2:\n",
    "def change_code(x):\n",
    "    if x == 0:\n",
    "        x =1\n",
    "    elif x ==1:\n",
    "        x = 2\n",
    "    elif x == 2:\n",
    "        x = 3\n",
    "    return x"
   ]
  },
  {
   "cell_type": "code",
   "execution_count": 18,
   "metadata": {},
   "outputs": [],
   "source": [
    "d.poutcome = d.poutcome.map(change_code)"
   ]
  },
  {
   "cell_type": "code",
   "execution_count": 19,
   "metadata": {},
   "outputs": [
    {
     "data": {
      "text/plain": [
       "array([1, 2, 3], dtype=int64)"
      ]
     },
     "execution_count": 19,
     "metadata": {},
     "output_type": "execute_result"
    }
   ],
   "source": [
    "d.poutcome.unique()"
   ]
  },
  {
   "cell_type": "code",
   "execution_count": 20,
   "metadata": {},
   "outputs": [],
   "source": [
    "#Feature engoineering: Combining pdays and previous columns as previous campaign info:\n",
    "previous_campaign = []\n",
    "for i in range(0,41184):\n",
    "    if (d.pdays[i] == 999) & (d.previous[i] == 0):\n",
    "        previous_campaign.append(0)\n",
    "    else:\n",
    "        previous_campaign.append(1)"
   ]
  },
  {
   "cell_type": "code",
   "execution_count": 21,
   "metadata": {},
   "outputs": [
    {
     "data": {
      "text/plain": [
       "41184"
      ]
     },
     "execution_count": 21,
     "metadata": {},
     "output_type": "execute_result"
    }
   ],
   "source": [
    "len(previous_campaign)"
   ]
  },
  {
   "cell_type": "code",
   "execution_count": 22,
   "metadata": {},
   "outputs": [],
   "source": [
    "d['previous_campaign'] = previous_campaign"
   ]
  },
  {
   "cell_type": "code",
   "execution_count": 59,
   "metadata": {},
   "outputs": [
    {
     "data": {
      "text/plain": [
       "0    35559\n",
       "1     5625\n",
       "Name: previous_campaign, dtype: int64"
      ]
     },
     "execution_count": 59,
     "metadata": {},
     "output_type": "execute_result"
    }
   ],
   "source": [
    "d.previous_campaign.value_counts()"
   ]
  },
  {
   "cell_type": "code",
   "execution_count": 24,
   "metadata": {},
   "outputs": [
    {
     "data": {
      "text/plain": [
       "Index(['age', 'job', 'marital', 'education', 'default', 'housing', 'loan',\n",
       "       'contact', 'month', 'day_of_week', 'campaign', 'pdays', 'previous',\n",
       "       'poutcome', 'cons_conf_idx', 'euribor_3_month', 'deposit', 'age_bucket',\n",
       "       'previous_campaign'],\n",
       "      dtype='object')"
      ]
     },
     "execution_count": 24,
     "metadata": {},
     "output_type": "execute_result"
    }
   ],
   "source": [
    "d.columns"
   ]
  },
  {
   "cell_type": "code",
   "execution_count": 60,
   "metadata": {},
   "outputs": [
    {
     "data": {
      "text/html": [
       "<div>\n",
       "<style scoped>\n",
       "    .dataframe tbody tr th:only-of-type {\n",
       "        vertical-align: middle;\n",
       "    }\n",
       "\n",
       "    .dataframe tbody tr th {\n",
       "        vertical-align: top;\n",
       "    }\n",
       "\n",
       "    .dataframe thead th {\n",
       "        text-align: right;\n",
       "    }\n",
       "</style>\n",
       "<table border=\"1\" class=\"dataframe\">\n",
       "  <thead>\n",
       "    <tr style=\"text-align: right;\">\n",
       "      <th></th>\n",
       "      <th>age</th>\n",
       "      <th>job</th>\n",
       "      <th>marital</th>\n",
       "      <th>education</th>\n",
       "      <th>default</th>\n",
       "      <th>housing</th>\n",
       "      <th>loan</th>\n",
       "      <th>contact</th>\n",
       "      <th>month</th>\n",
       "      <th>day_of_week</th>\n",
       "      <th>campaign</th>\n",
       "      <th>pdays</th>\n",
       "      <th>previous</th>\n",
       "      <th>poutcome</th>\n",
       "      <th>cons_conf_idx</th>\n",
       "      <th>euribor_3_month</th>\n",
       "      <th>deposit</th>\n",
       "      <th>age_bucket</th>\n",
       "      <th>previous_campaign</th>\n",
       "    </tr>\n",
       "  </thead>\n",
       "  <tbody>\n",
       "    <tr>\n",
       "      <th>age</th>\n",
       "      <td>1.000000</td>\n",
       "      <td>0.001251</td>\n",
       "      <td>0.389734</td>\n",
       "      <td>-0.161195</td>\n",
       "      <td>0.165005</td>\n",
       "      <td>-0.001694</td>\n",
       "      <td>-0.007346</td>\n",
       "      <td>-0.007065</td>\n",
       "      <td>0.077263</td>\n",
       "      <td>-0.018532</td>\n",
       "      <td>0.004468</td>\n",
       "      <td>-0.034381</td>\n",
       "      <td>0.024384</td>\n",
       "      <td>0.026392</td>\n",
       "      <td>0.129366</td>\n",
       "      <td>0.010745</td>\n",
       "      <td>0.030419</td>\n",
       "      <td>0.910191</td>\n",
       "      <td>0.016397</td>\n",
       "    </tr>\n",
       "    <tr>\n",
       "      <th>job</th>\n",
       "      <td>0.001251</td>\n",
       "      <td>1.000000</td>\n",
       "      <td>-0.027852</td>\n",
       "      <td>0.114367</td>\n",
       "      <td>-0.028309</td>\n",
       "      <td>0.006982</td>\n",
       "      <td>-0.010236</td>\n",
       "      <td>0.025127</td>\n",
       "      <td>0.044803</td>\n",
       "      <td>-0.004977</td>\n",
       "      <td>-0.006917</td>\n",
       "      <td>-0.028457</td>\n",
       "      <td>0.020945</td>\n",
       "      <td>0.021103</td>\n",
       "      <td>0.052737</td>\n",
       "      <td>-0.007912</td>\n",
       "      <td>0.025102</td>\n",
       "      <td>-0.002734</td>\n",
       "      <td>0.014616</td>\n",
       "    </tr>\n",
       "    <tr>\n",
       "      <th>marital</th>\n",
       "      <td>0.389734</td>\n",
       "      <td>-0.027852</td>\n",
       "      <td>1.000000</td>\n",
       "      <td>-0.087581</td>\n",
       "      <td>0.079490</td>\n",
       "      <td>-0.010517</td>\n",
       "      <td>-0.005758</td>\n",
       "      <td>-0.054543</td>\n",
       "      <td>0.018721</td>\n",
       "      <td>-0.014521</td>\n",
       "      <td>0.007214</td>\n",
       "      <td>0.037930</td>\n",
       "      <td>-0.038668</td>\n",
       "      <td>-0.040395</td>\n",
       "      <td>0.033849</td>\n",
       "      <td>0.092005</td>\n",
       "      <td>-0.046181</td>\n",
       "      <td>0.379005</td>\n",
       "      <td>-0.035063</td>\n",
       "    </tr>\n",
       "    <tr>\n",
       "      <th>education</th>\n",
       "      <td>-0.161195</td>\n",
       "      <td>0.114367</td>\n",
       "      <td>-0.087581</td>\n",
       "      <td>1.000000</td>\n",
       "      <td>-0.208313</td>\n",
       "      <td>0.022568</td>\n",
       "      <td>0.010496</td>\n",
       "      <td>0.103720</td>\n",
       "      <td>0.112959</td>\n",
       "      <td>-0.003564</td>\n",
       "      <td>-0.001585</td>\n",
       "      <td>-0.019032</td>\n",
       "      <td>0.012232</td>\n",
       "      <td>0.018353</td>\n",
       "      <td>0.040410</td>\n",
       "      <td>-0.022484</td>\n",
       "      <td>0.027014</td>\n",
       "      <td>-0.142184</td>\n",
       "      <td>0.013567</td>\n",
       "    </tr>\n",
       "    <tr>\n",
       "      <th>default</th>\n",
       "      <td>0.165005</td>\n",
       "      <td>-0.028309</td>\n",
       "      <td>0.079490</td>\n",
       "      <td>-0.208313</td>\n",
       "      <td>1.000000</td>\n",
       "      <td>-0.015794</td>\n",
       "      <td>-0.003805</td>\n",
       "      <td>-0.135233</td>\n",
       "      <td>-0.084354</td>\n",
       "      <td>-0.004303</td>\n",
       "      <td>0.032867</td>\n",
       "      <td>0.080073</td>\n",
       "      <td>-0.102436</td>\n",
       "      <td>-0.108180</td>\n",
       "      <td>0.026514</td>\n",
       "      <td>0.195336</td>\n",
       "      <td>-0.099371</td>\n",
       "      <td>0.162479</td>\n",
       "      <td>-0.103970</td>\n",
       "    </tr>\n",
       "    <tr>\n",
       "      <th>housing</th>\n",
       "      <td>-0.001694</td>\n",
       "      <td>0.006982</td>\n",
       "      <td>-0.010517</td>\n",
       "      <td>0.022568</td>\n",
       "      <td>-0.015794</td>\n",
       "      <td>1.000000</td>\n",
       "      <td>0.044317</td>\n",
       "      <td>0.082208</td>\n",
       "      <td>0.031878</td>\n",
       "      <td>-0.009041</td>\n",
       "      <td>-0.011094</td>\n",
       "      <td>-0.010559</td>\n",
       "      <td>0.021330</td>\n",
       "      <td>0.023758</td>\n",
       "      <td>-0.033891</td>\n",
       "      <td>-0.059324</td>\n",
       "      <td>0.011567</td>\n",
       "      <td>0.000041</td>\n",
       "      <td>0.025175</td>\n",
       "    </tr>\n",
       "    <tr>\n",
       "      <th>loan</th>\n",
       "      <td>-0.007346</td>\n",
       "      <td>-0.010236</td>\n",
       "      <td>-0.005758</td>\n",
       "      <td>0.010496</td>\n",
       "      <td>-0.003805</td>\n",
       "      <td>0.044317</td>\n",
       "      <td>1.000000</td>\n",
       "      <td>0.008567</td>\n",
       "      <td>-0.004217</td>\n",
       "      <td>0.002371</td>\n",
       "      <td>0.005201</td>\n",
       "      <td>0.000354</td>\n",
       "      <td>-0.001343</td>\n",
       "      <td>-0.000482</td>\n",
       "      <td>-0.012034</td>\n",
       "      <td>0.000114</td>\n",
       "      <td>-0.004924</td>\n",
       "      <td>-0.002243</td>\n",
       "      <td>0.000103</td>\n",
       "    </tr>\n",
       "    <tr>\n",
       "      <th>contact</th>\n",
       "      <td>-0.007065</td>\n",
       "      <td>0.025127</td>\n",
       "      <td>-0.054543</td>\n",
       "      <td>0.103720</td>\n",
       "      <td>-0.135233</td>\n",
       "      <td>0.082208</td>\n",
       "      <td>0.008567</td>\n",
       "      <td>1.000000</td>\n",
       "      <td>0.324342</td>\n",
       "      <td>-0.019595</td>\n",
       "      <td>-0.077410</td>\n",
       "      <td>-0.117980</td>\n",
       "      <td>0.212866</td>\n",
       "      <td>0.226833</td>\n",
       "      <td>-0.251581</td>\n",
       "      <td>-0.399755</td>\n",
       "      <td>0.144788</td>\n",
       "      <td>-0.019682</td>\n",
       "      <td>0.242533</td>\n",
       "    </tr>\n",
       "    <tr>\n",
       "      <th>month</th>\n",
       "      <td>0.077263</td>\n",
       "      <td>0.044803</td>\n",
       "      <td>0.018721</td>\n",
       "      <td>0.112959</td>\n",
       "      <td>-0.084354</td>\n",
       "      <td>0.031878</td>\n",
       "      <td>-0.004217</td>\n",
       "      <td>0.324342</td>\n",
       "      <td>1.000000</td>\n",
       "      <td>-0.006944</td>\n",
       "      <td>-0.030672</td>\n",
       "      <td>-0.079549</td>\n",
       "      <td>0.063739</td>\n",
       "      <td>0.060825</td>\n",
       "      <td>0.264187</td>\n",
       "      <td>0.163364</td>\n",
       "      <td>0.037170</td>\n",
       "      <td>0.061046</td>\n",
       "      <td>0.043616</td>\n",
       "    </tr>\n",
       "    <tr>\n",
       "      <th>day_of_week</th>\n",
       "      <td>-0.018532</td>\n",
       "      <td>-0.004977</td>\n",
       "      <td>-0.014521</td>\n",
       "      <td>-0.003564</td>\n",
       "      <td>-0.004303</td>\n",
       "      <td>-0.009041</td>\n",
       "      <td>0.002371</td>\n",
       "      <td>-0.019595</td>\n",
       "      <td>-0.006944</td>\n",
       "      <td>1.000000</td>\n",
       "      <td>0.015142</td>\n",
       "      <td>0.006772</td>\n",
       "      <td>0.004002</td>\n",
       "      <td>0.003267</td>\n",
       "      <td>-0.000061</td>\n",
       "      <td>-0.005530</td>\n",
       "      <td>0.010040</td>\n",
       "      <td>-0.015291</td>\n",
       "      <td>0.007394</td>\n",
       "    </tr>\n",
       "    <tr>\n",
       "      <th>campaign</th>\n",
       "      <td>0.004468</td>\n",
       "      <td>-0.006917</td>\n",
       "      <td>0.007214</td>\n",
       "      <td>-0.001585</td>\n",
       "      <td>0.032867</td>\n",
       "      <td>-0.011094</td>\n",
       "      <td>0.005201</td>\n",
       "      <td>-0.077410</td>\n",
       "      <td>-0.030672</td>\n",
       "      <td>0.015142</td>\n",
       "      <td>1.000000</td>\n",
       "      <td>0.052574</td>\n",
       "      <td>-0.079122</td>\n",
       "      <td>-0.086063</td>\n",
       "      <td>-0.013809</td>\n",
       "      <td>0.135091</td>\n",
       "      <td>-0.066337</td>\n",
       "      <td>0.005462</td>\n",
       "      <td>-0.087623</td>\n",
       "    </tr>\n",
       "    <tr>\n",
       "      <th>pdays</th>\n",
       "      <td>-0.034381</td>\n",
       "      <td>-0.028457</td>\n",
       "      <td>0.037930</td>\n",
       "      <td>-0.019032</td>\n",
       "      <td>0.080073</td>\n",
       "      <td>-0.010559</td>\n",
       "      <td>0.000354</td>\n",
       "      <td>-0.117980</td>\n",
       "      <td>-0.079549</td>\n",
       "      <td>0.006772</td>\n",
       "      <td>0.052574</td>\n",
       "      <td>1.000000</td>\n",
       "      <td>-0.587512</td>\n",
       "      <td>-0.744679</td>\n",
       "      <td>-0.091344</td>\n",
       "      <td>0.296921</td>\n",
       "      <td>-0.324910</td>\n",
       "      <td>-0.018382</td>\n",
       "      <td>-0.491350</td>\n",
       "    </tr>\n",
       "    <tr>\n",
       "      <th>previous</th>\n",
       "      <td>0.024384</td>\n",
       "      <td>0.020945</td>\n",
       "      <td>-0.038668</td>\n",
       "      <td>0.012232</td>\n",
       "      <td>-0.102436</td>\n",
       "      <td>0.021330</td>\n",
       "      <td>-0.001343</td>\n",
       "      <td>0.212866</td>\n",
       "      <td>0.063739</td>\n",
       "      <td>0.004002</td>\n",
       "      <td>-0.079122</td>\n",
       "      <td>-0.587512</td>\n",
       "      <td>1.000000</td>\n",
       "      <td>0.868538</td>\n",
       "      <td>-0.050947</td>\n",
       "      <td>-0.454530</td>\n",
       "      <td>0.230172</td>\n",
       "      <td>0.013041</td>\n",
       "      <td>0.878774</td>\n",
       "    </tr>\n",
       "    <tr>\n",
       "      <th>poutcome</th>\n",
       "      <td>0.026392</td>\n",
       "      <td>0.021103</td>\n",
       "      <td>-0.040395</td>\n",
       "      <td>0.018353</td>\n",
       "      <td>-0.108180</td>\n",
       "      <td>0.023758</td>\n",
       "      <td>-0.000482</td>\n",
       "      <td>0.226833</td>\n",
       "      <td>0.060825</td>\n",
       "      <td>0.003267</td>\n",
       "      <td>-0.086063</td>\n",
       "      <td>-0.744679</td>\n",
       "      <td>0.868538</td>\n",
       "      <td>1.000000</td>\n",
       "      <td>-0.041739</td>\n",
       "      <td>-0.478726</td>\n",
       "      <td>0.270364</td>\n",
       "      <td>0.013676</td>\n",
       "      <td>0.937380</td>\n",
       "    </tr>\n",
       "    <tr>\n",
       "      <th>cons_conf_idx</th>\n",
       "      <td>0.129366</td>\n",
       "      <td>0.052737</td>\n",
       "      <td>0.033849</td>\n",
       "      <td>0.040410</td>\n",
       "      <td>0.026514</td>\n",
       "      <td>-0.033891</td>\n",
       "      <td>-0.012034</td>\n",
       "      <td>-0.251581</td>\n",
       "      <td>0.264187</td>\n",
       "      <td>-0.000061</td>\n",
       "      <td>-0.013809</td>\n",
       "      <td>-0.091344</td>\n",
       "      <td>-0.050947</td>\n",
       "      <td>-0.041739</td>\n",
       "      <td>1.000000</td>\n",
       "      <td>0.277603</td>\n",
       "      <td>0.054875</td>\n",
       "      <td>0.109025</td>\n",
       "      <td>-0.099739</td>\n",
       "    </tr>\n",
       "    <tr>\n",
       "      <th>euribor_3_month</th>\n",
       "      <td>0.010745</td>\n",
       "      <td>-0.007912</td>\n",
       "      <td>0.092005</td>\n",
       "      <td>-0.022484</td>\n",
       "      <td>0.195336</td>\n",
       "      <td>-0.059324</td>\n",
       "      <td>0.000114</td>\n",
       "      <td>-0.399755</td>\n",
       "      <td>0.163364</td>\n",
       "      <td>-0.005530</td>\n",
       "      <td>0.135091</td>\n",
       "      <td>0.296921</td>\n",
       "      <td>-0.454530</td>\n",
       "      <td>-0.478726</td>\n",
       "      <td>0.277603</td>\n",
       "      <td>1.000000</td>\n",
       "      <td>-0.307799</td>\n",
       "      <td>0.031423</td>\n",
       "      <td>-0.488447</td>\n",
       "    </tr>\n",
       "    <tr>\n",
       "      <th>deposit</th>\n",
       "      <td>0.030419</td>\n",
       "      <td>0.025102</td>\n",
       "      <td>-0.046181</td>\n",
       "      <td>0.027014</td>\n",
       "      <td>-0.099371</td>\n",
       "      <td>0.011567</td>\n",
       "      <td>-0.004924</td>\n",
       "      <td>0.144788</td>\n",
       "      <td>0.037170</td>\n",
       "      <td>0.010040</td>\n",
       "      <td>-0.066337</td>\n",
       "      <td>-0.324910</td>\n",
       "      <td>0.230172</td>\n",
       "      <td>0.270364</td>\n",
       "      <td>0.054875</td>\n",
       "      <td>-0.307799</td>\n",
       "      <td>1.000000</td>\n",
       "      <td>0.009850</td>\n",
       "      <td>0.193496</td>\n",
       "    </tr>\n",
       "    <tr>\n",
       "      <th>age_bucket</th>\n",
       "      <td>0.910191</td>\n",
       "      <td>-0.002734</td>\n",
       "      <td>0.379005</td>\n",
       "      <td>-0.142184</td>\n",
       "      <td>0.162479</td>\n",
       "      <td>0.000041</td>\n",
       "      <td>-0.002243</td>\n",
       "      <td>-0.019682</td>\n",
       "      <td>0.061046</td>\n",
       "      <td>-0.015291</td>\n",
       "      <td>0.005462</td>\n",
       "      <td>-0.018382</td>\n",
       "      <td>0.013041</td>\n",
       "      <td>0.013676</td>\n",
       "      <td>0.109025</td>\n",
       "      <td>0.031423</td>\n",
       "      <td>0.009850</td>\n",
       "      <td>1.000000</td>\n",
       "      <td>0.007733</td>\n",
       "    </tr>\n",
       "    <tr>\n",
       "      <th>previous_campaign</th>\n",
       "      <td>0.016397</td>\n",
       "      <td>0.014616</td>\n",
       "      <td>-0.035063</td>\n",
       "      <td>0.013567</td>\n",
       "      <td>-0.103970</td>\n",
       "      <td>0.025175</td>\n",
       "      <td>0.000103</td>\n",
       "      <td>0.242533</td>\n",
       "      <td>0.043616</td>\n",
       "      <td>0.007394</td>\n",
       "      <td>-0.087623</td>\n",
       "      <td>-0.491350</td>\n",
       "      <td>0.878774</td>\n",
       "      <td>0.937380</td>\n",
       "      <td>-0.099739</td>\n",
       "      <td>-0.488447</td>\n",
       "      <td>0.193496</td>\n",
       "      <td>0.007733</td>\n",
       "      <td>1.000000</td>\n",
       "    </tr>\n",
       "  </tbody>\n",
       "</table>\n",
       "</div>"
      ],
      "text/plain": [
       "                        age       job   marital  education   default  \\\n",
       "age                1.000000  0.001251  0.389734  -0.161195  0.165005   \n",
       "job                0.001251  1.000000 -0.027852   0.114367 -0.028309   \n",
       "marital            0.389734 -0.027852  1.000000  -0.087581  0.079490   \n",
       "education         -0.161195  0.114367 -0.087581   1.000000 -0.208313   \n",
       "default            0.165005 -0.028309  0.079490  -0.208313  1.000000   \n",
       "housing           -0.001694  0.006982 -0.010517   0.022568 -0.015794   \n",
       "loan              -0.007346 -0.010236 -0.005758   0.010496 -0.003805   \n",
       "contact           -0.007065  0.025127 -0.054543   0.103720 -0.135233   \n",
       "month              0.077263  0.044803  0.018721   0.112959 -0.084354   \n",
       "day_of_week       -0.018532 -0.004977 -0.014521  -0.003564 -0.004303   \n",
       "campaign           0.004468 -0.006917  0.007214  -0.001585  0.032867   \n",
       "pdays             -0.034381 -0.028457  0.037930  -0.019032  0.080073   \n",
       "previous           0.024384  0.020945 -0.038668   0.012232 -0.102436   \n",
       "poutcome           0.026392  0.021103 -0.040395   0.018353 -0.108180   \n",
       "cons_conf_idx      0.129366  0.052737  0.033849   0.040410  0.026514   \n",
       "euribor_3_month    0.010745 -0.007912  0.092005  -0.022484  0.195336   \n",
       "deposit            0.030419  0.025102 -0.046181   0.027014 -0.099371   \n",
       "age_bucket         0.910191 -0.002734  0.379005  -0.142184  0.162479   \n",
       "previous_campaign  0.016397  0.014616 -0.035063   0.013567 -0.103970   \n",
       "\n",
       "                    housing      loan   contact     month  day_of_week  \\\n",
       "age               -0.001694 -0.007346 -0.007065  0.077263    -0.018532   \n",
       "job                0.006982 -0.010236  0.025127  0.044803    -0.004977   \n",
       "marital           -0.010517 -0.005758 -0.054543  0.018721    -0.014521   \n",
       "education          0.022568  0.010496  0.103720  0.112959    -0.003564   \n",
       "default           -0.015794 -0.003805 -0.135233 -0.084354    -0.004303   \n",
       "housing            1.000000  0.044317  0.082208  0.031878    -0.009041   \n",
       "loan               0.044317  1.000000  0.008567 -0.004217     0.002371   \n",
       "contact            0.082208  0.008567  1.000000  0.324342    -0.019595   \n",
       "month              0.031878 -0.004217  0.324342  1.000000    -0.006944   \n",
       "day_of_week       -0.009041  0.002371 -0.019595 -0.006944     1.000000   \n",
       "campaign          -0.011094  0.005201 -0.077410 -0.030672     0.015142   \n",
       "pdays             -0.010559  0.000354 -0.117980 -0.079549     0.006772   \n",
       "previous           0.021330 -0.001343  0.212866  0.063739     0.004002   \n",
       "poutcome           0.023758 -0.000482  0.226833  0.060825     0.003267   \n",
       "cons_conf_idx     -0.033891 -0.012034 -0.251581  0.264187    -0.000061   \n",
       "euribor_3_month   -0.059324  0.000114 -0.399755  0.163364    -0.005530   \n",
       "deposit            0.011567 -0.004924  0.144788  0.037170     0.010040   \n",
       "age_bucket         0.000041 -0.002243 -0.019682  0.061046    -0.015291   \n",
       "previous_campaign  0.025175  0.000103  0.242533  0.043616     0.007394   \n",
       "\n",
       "                   campaign     pdays  previous  poutcome  cons_conf_idx  \\\n",
       "age                0.004468 -0.034381  0.024384  0.026392       0.129366   \n",
       "job               -0.006917 -0.028457  0.020945  0.021103       0.052737   \n",
       "marital            0.007214  0.037930 -0.038668 -0.040395       0.033849   \n",
       "education         -0.001585 -0.019032  0.012232  0.018353       0.040410   \n",
       "default            0.032867  0.080073 -0.102436 -0.108180       0.026514   \n",
       "housing           -0.011094 -0.010559  0.021330  0.023758      -0.033891   \n",
       "loan               0.005201  0.000354 -0.001343 -0.000482      -0.012034   \n",
       "contact           -0.077410 -0.117980  0.212866  0.226833      -0.251581   \n",
       "month             -0.030672 -0.079549  0.063739  0.060825       0.264187   \n",
       "day_of_week        0.015142  0.006772  0.004002  0.003267      -0.000061   \n",
       "campaign           1.000000  0.052574 -0.079122 -0.086063      -0.013809   \n",
       "pdays              0.052574  1.000000 -0.587512 -0.744679      -0.091344   \n",
       "previous          -0.079122 -0.587512  1.000000  0.868538      -0.050947   \n",
       "poutcome          -0.086063 -0.744679  0.868538  1.000000      -0.041739   \n",
       "cons_conf_idx     -0.013809 -0.091344 -0.050947 -0.041739       1.000000   \n",
       "euribor_3_month    0.135091  0.296921 -0.454530 -0.478726       0.277603   \n",
       "deposit           -0.066337 -0.324910  0.230172  0.270364       0.054875   \n",
       "age_bucket         0.005462 -0.018382  0.013041  0.013676       0.109025   \n",
       "previous_campaign -0.087623 -0.491350  0.878774  0.937380      -0.099739   \n",
       "\n",
       "                   euribor_3_month   deposit  age_bucket  previous_campaign  \n",
       "age                       0.010745  0.030419    0.910191           0.016397  \n",
       "job                      -0.007912  0.025102   -0.002734           0.014616  \n",
       "marital                   0.092005 -0.046181    0.379005          -0.035063  \n",
       "education                -0.022484  0.027014   -0.142184           0.013567  \n",
       "default                   0.195336 -0.099371    0.162479          -0.103970  \n",
       "housing                  -0.059324  0.011567    0.000041           0.025175  \n",
       "loan                      0.000114 -0.004924   -0.002243           0.000103  \n",
       "contact                  -0.399755  0.144788   -0.019682           0.242533  \n",
       "month                     0.163364  0.037170    0.061046           0.043616  \n",
       "day_of_week              -0.005530  0.010040   -0.015291           0.007394  \n",
       "campaign                  0.135091 -0.066337    0.005462          -0.087623  \n",
       "pdays                     0.296921 -0.324910   -0.018382          -0.491350  \n",
       "previous                 -0.454530  0.230172    0.013041           0.878774  \n",
       "poutcome                 -0.478726  0.270364    0.013676           0.937380  \n",
       "cons_conf_idx             0.277603  0.054875    0.109025          -0.099739  \n",
       "euribor_3_month           1.000000 -0.307799    0.031423          -0.488447  \n",
       "deposit                  -0.307799  1.000000    0.009850           0.193496  \n",
       "age_bucket                0.031423  0.009850    1.000000           0.007733  \n",
       "previous_campaign        -0.488447  0.193496    0.007733           1.000000  "
      ]
     },
     "execution_count": 60,
     "metadata": {},
     "output_type": "execute_result"
    }
   ],
   "source": [
    "d.corr()"
   ]
  },
  {
   "cell_type": "code",
   "execution_count": 26,
   "metadata": {},
   "outputs": [
    {
     "data": {
      "text/plain": [
       "<matplotlib.axes._subplots.AxesSubplot at 0x247aef1a7f0>"
      ]
     },
     "execution_count": 26,
     "metadata": {},
     "output_type": "execute_result"
    },
    {
     "data": {
